structure(list(X26.Oct.14 = structure(c(13L, 13L, 13L, 13L, 13L, 
13L, 13L, 13L, 13L, 13L, 13L, 13L, 15L, 19L, 8L, 8L, 8L, 8L, 
8L, 8L, 8L, 8L, 8L, 8L, 8L, 17L, 21L, 23L, 23L, 23L, 23L, 23L, 
23L, 23L, 23L, 23L, 23L, 23L, 2L, 4L, 6L, 6L, 6L, 6L, 6L, 6L, 
6L, 6L, 6L, 6L, 6L, 6L, 9L, 11L, 11L, 11L, 11L, 11L, 11L, 11L, 
11L, 11L, 11L, 11L, 11L, 11L, 12L, 14L, 14L, 14L, 18L, 18L, 18L, 
18L, 18L, 18L, 18L, 18L, 18L, 18L, 18L, 18L, 1L, 20L, 22L, 22L, 
22L, 22L, 22L, 22L, 3L, 5L, 5L, 5L, 5L, 5L, 5L, 5L, 5L, 5L, 5L, 
5L, 7L, 10L, 10L, 10L, 10L, 10L, 10L, 16L, 16L, 16L, 16L, 16L, 
16L, 16L), .Label = c("1-Dec-14", "10-Nov-14", "11-Dec-14", "13-Nov-14", 
"14-Dec-14", "16-Nov-14", "18-Dec-14", "2-Nov-14", "20-Nov-14", 
"21-Dec-14", "23-Nov-14", "24-Nov-14", "26-Oct-14", "27-Nov-14", 
"27-Oct-14", "28-Dec-14", "3-Nov-14", "30-Nov-14", "30-Oct-14", 
"4-Dec-14", "6-Nov-14", "7-Dec-14", "9-Nov-14"), class = "factor"), 
    X9.30.AM = structure(c(1L, 1L, 1L, 1L, 1L, 1L, 1L, 1L, 3L, 
    4L, 4L, 7L, 7L, 6L, 1L, 1L, 1L, 1L, 1L, 1L, 1L, 3L, 4L, 4L, 
    7L, 7L, 6L, 1L, 1L, 1L, 1L, 1L, 1L, 1L, 3L, 4L, 4L, 7L, 7L, 
    6L, 1L, 1L, 1L, 1L, 1L, 1L, 1L, 1L, 1L, 3L, 4L, 7L, 6L, 1L, 
    1L, 1L, 1L, 1L, 1L, 1L, 1L, 3L, 3L, 4L, 4L, 7L, 7L, 2L, 5L, 
    7L, 1L, 1L, 1L, 1L, 1L, 1L, 1L, 1L, 1L, 3L, 4L, 7L, 7L, 6L, 
    1L, 1L, 1L, 1L, 1L, 1L, 6L, 1L, 1L, 1L, 1L, 1L, 1L, 1L, 1L, 
    1L, 1L, 3L, 6L, 1L, 1L, 1L, 1L, 1L, 1L, 1L, 1L, 1L, 1L, 1L, 
    1L, 1L), .Label = c("1:00 PM", "12:30 PM", "4:05 PM", "4:25 PM", 
    "4:30 PM", "8:25 PM", "8:30 PM"), class = "factor"), X400554224 = c(400554227L, 
    400554230L, 400554254L, 400554258L, 400554264L, 400554267L, 
    400554272L, 400554298L, 400554303L, 400554306L, 400554310L, 
    400554313L, 400554336L, 400554309L, 400554334L, 400554337L, 
    400554339L, 400554341L, 400554344L, 400554347L, 400554351L, 
    400554377L, 400554381L, 400554385L, 400554389L, 400554393L, 
    400554328L, 400554332L, 400554355L, 400554358L, 400554362L, 
    400554367L, 400554370L, 400554372L, 400554396L, 400554397L, 
    400554400L, 400554403L, 400554408L, 400554338L, 400554340L, 
    400554343L, 400554345L, 400554348L, 400554352L, 400554375L, 
    400554378L, 400554383L, 400554387L, 400554391L, 400554414L, 
    400554417L, 400554293L, 400554317L, 400554320L, 400554322L, 
    400554324L, 400554326L, 400554329L, 400554331L, 400554333L, 
    400554357L, 400554360L, 400554364L, 400554365L, 400554369L, 
    400554394L, 400554281L, 400554285L, 400554289L, 400554292L, 
    400554316L, 400554321L, 400554323L, 400554327L, 400554330L, 
    400554354L, 400554359L, 400554363L, 400554368L, 400554371L, 
    400554395L, 400554399L, 400554349L, 400554374L, 400554379L, 
    400554384L, 400554388L, 400554416L, 400554419L, 400554342L, 
    400554346L, 400554350L, 400554353L, 400554376L, 400554380L, 
    400554382L, 400554386L, 400554390L, 400554392L, 400554415L, 
    400554418L, 400554356L, 400554373L, 400554398L, 400554401L, 
    400554402L, 400554406L, 400554410L, 400554404L, 400554405L, 
    400554407L, 400554409L, 400554411L, 400554412L, 400554413L
    )), .Names = c("X26.Oct.14", "X9.30.AM", "X400554224"), class = "data.frame", row.names = c(NA, 
-116L))
